44 1
46 1
84 1
98 1
118 1
102 2
104 2
117 2
119 2
103 3
109 3
112 3
121 3
99 4
100 4
110 4
115 4
116 5
105 7
111 7
101 9
108 9
114 11
97 14
32 16

46 1
83 1
98 1
104 1
109 1
112 1
119 1
122 1
100 2
99 3
102 3
111 3
121 3
103 4
117 4
108 5
115 5
105 6
97 7
101 7
110 7
114 7
116 10
32 12

46 1
72 1
98 1
122 1
44 2
100 2
112 2
117 2
118 2
119 2
121 2
103 4
104 4
108 5
109 5
99 6
114 7
115 7
111 8
97 9
116 9
101 10
105 11
110 14
32 16

45 1
46 1
77 1
102 1
113 1
119 1
122 1
98 2
121 2
100 3
104 3
109 3
118 3
117 4
103 5
99 6
112 6
108 7
110 9
105 11
111 11
97 13
114 13
116 13
101 14
115 14
32 20

45 1
46 1
84 1
102 1
119 1
44 2
117 2
118 2
99 3
100 3
104 3
109 4
112 4
103 6
97 7
114 7
101 8
116 8
108 9
110 10
111 10
115 16
105 17
32 18

44 1
46 1
84 1
98 1
113 1
119 1
45 2
118 2
121 2
102 3
104 3
100 4
117 4
109 5
99 6
103 7
108 7
112 7
97 10
110 11
111 11
114 13
105 15
116 17
115 18
101 24
32 25

45 1
46 1
86 1
87 1
103 1
119 1
73 2
77 2
80 2
102 2
104 2
100 3
109 3
99 4
117 4
108 6
110 7
115 7
97 8
112 8
105 10
111 11
114 11
101 14
116 16
32 23

73 1
77 1
79 1
80 1
84 1
86 1
87 1
98 1
107 1
113 1
120 1
122 1
45 2
46 3
118 3
119 3
121 3
44 4
102 7
103 8
99 9
109 9
112 9
104 10
117 12
100 13
108 19
114 23
111 26
97 28
110 28
105 31
115 32
116 34
101 40
32 54
